26
0.000000 16.104343 28.490685 27.200697 34.133533 33.590771 27.924995 28.852804 32.707504 35.781647 32.591217 32.637897 33.820080 39.147751 36.773514 35.567352 35.180820 37.951157 35.643780 36.600014 37.977119 38.619411 39.650581 43.520584 48.708321 29.390352 
16.104343 0.000000 17.960049 25.223530 31.708431 33.297668 26.720119 27.170746 29.670256 34.039398 32.512581 30.885176 34.941288 36.710899 32.985893 34.428211 32.986034 34.023220 33.076637 34.410572 33.831417 34.722504 37.761810 38.405331 41.292374 28.508705 
28.490685 17.960049 0.000000 11.769980 31.102602 32.209721 28.832726 26.285841 29.313452 32.542919 43.592003 37.389050 39.611034 46.785843 39.586815 41.204060 46.712681 41.770695 32.187057 36.546978 48.451157 46.182205 46.106277 44.777660 45.527866 43.742115 
27.200697 25.223530 11.769980 0.000000 21.321732 29.334244 26.456757 27.373142 31.278780 35.676605 40.612663 34.435013 38.591743 41.036999 42.383129 38.058407 38.952648 39.978889 35.936970 37.805595 43.354416 41.594093 43.555920 45.273922 42.588314 35.940292 
34.133533 31.708431 31.102602 21.321732 0.000000 9.794621 26.745644 30.715620 37.581173 39.520664 44.780357 37.916039 45.324497 51.795628 38.883427 42.282887 44.781994 47.069916 41.940121 42.273598 48.070496 50.926052 46.550060 56.087852 57.569061 39.594482 
33.590771 33.297668 32.209721 29.334244 9.794621 0.000000 19.591604 29.963066 35.574253 42.687595 46.401367 37.022850 44.520248 44.703659 35.764660 42.815258 40.179836 44.921276 44.491772 44.306332 47.798531 49.858803 48.824127 53.583576 53.398777 40.225601 
27.924995 26.720119 28.832726 26.456757 26.745644 19.591604 0.000000 17.344425 28.154730 30.427988 30.838652 32.296974 33.633114 34.165417 34.837849 34.245895 35.202137 35.718925 33.533550 35.782154 39.202080 39.140663 37.845490 44.747555 40.133556 32.292896 
28.852804 27.170746 26.285841 27.373142 30.715620 29.963066 17.344425 0.000000 16.952734 25.240047 31.372988 29.497257 31.386930 36.805447 33.321236 37.136726 38.327774 35.729225 28.592861 32.659222 40.616592 38.017220 41.187458 41.535629 41.982357 37.851673 
32.707504 29.670256 29.313452 31.278780 37.581173 35.574253 28.154730 16.952734 0.000000 16.622248 19.212246 26.984114 29.564081 36.291523 34.990322 38.777195 38.305843 35.127769 28.744984 31.369850 38.510941 39.097939 39.997322 42.776695 40.702984 37.161251 
35.781647 34.039398 32.542919 35.676605 39.520664 42.687595 30.427988 25.240047 16.622248 0.000000 11.879967 24.830112 30.167015 36.776291 38.376358 41.458076 39.890953 37.289459 27.550896 32.109627 39.780811 38.090321 41.225002 40.878662 33.860130 42.308960 
32.591217 32.512581 43.592003 40.612663 44.780357 46.401367 30.838652 31.372988 19.212246 11.879967 0.000000 20.067644 32.829536 36.518013 34.541313 34.212425 30.136728 36.358879 33.879623 37.220325 36.391850 36.188141 41.775841 43.151852 47.689560 30.875437 
32.637897 30.885176 37.389050 34.435013 37.916039 37.022850 32.296974 29.497257 26.984114 24.830112 20.067644 0.000000 20.753273 30.870045 29.198036 30.843437 31.222740 30.551859 29.593903 31.611546 34.117016 33.599686 34.488171 38.130035 40.651505 28.842358 
33.820080 34.941288 39.611034 38.591743 45.324497 44.520248 33.633114 31.386930 29.564081 30.167015 32.829536 20.753273 0.000000 11.863386 30.829479 32.988003 33.822857 31.643221 28.913443 32.067230 37.913452 35.478668 39.745605 41.598961 43.038876 31.960606 
39.147751 36.710899 46.785843 41.036999 51.795628 44.703659 34.165417 36.805447 36.291523 36.776291 36.518013 30.870045 11.863386 0.000000 17.665169 27.078526 29.951693 31.999147 34.392254 35.803368 35.689308 35.395683 40.308350 42.232540 42.866516 30.682890 
36.773514 32.985893 39.586815 42.383129 38.883427 35.764660 34.837849 33.321236 34.990322 38.376358 34.541313 29.198036 30.829479 17.665169 0.000000 15.152625 30.556011 30.313307 31.988247 31.946110 35.095493 34.880970 33.409618 36.369011 39.717293 29.893782 
35.567352 34.428211 41.204060 38.058407 42.282887 42.815258 34.245895 37.136726 38.777195 41.458076 34.212425 30.843437 32.988003 27.078526 15.152625 0.000000 19.296749 26.962915 35.407337 33.762100 31.128716 31.861317 33.191338 37.130497 37.319332 26.428207 
35.180820 32.986034 46.712681 38.952648 44.781994 40.179836 35.202137 38.327774 38.305843 39.890953 30.136728 31.222740 33.822857 29.951693 30.556011 19.296749 0.000000 15.624484 35.593639 34.024616 29.354290 29.330605 34.749893 38.144287 42.537010 24.891514 
37.951157 34.023220 41.770695 39.978889 47.069916 44.921276 35.718925 35.729225 35.127769 37.289459 36.358879 30.551859 31.643221 31.999147 30.313307 26.962915 15.624484 0.000000 15.370955 26.792662 31.596676 28.831905 31.145718 32.318813 33.130917 26.861105 
35.643780 33.076637 32.187057 35.936970 41.940121 44.491772 33.533550 28.592861 28.744984 27.550896 33.879623 29.593903 28.913443 34.392254 31.988247 35.407337 35.593639 15.370955 0.000000 16.791054 32.551937 29.597143 30.572788 29.729647 28.936802 32.654205 
36.600014 34.410572 36.546978 37.805595 42.273598 44.306332 35.782154 32.659222 31.369850 32.109627 37.220325 31.611546 32.067230 35.803368 31.946110 33.762100 34.024616 26.792662 16.791054 0.000000 16.877934 25.417393 27.929716 28.866592 26.376850 29.514927 
37.977119 33.831417 48.451157 43.354416 48.070496 47.798531 39.202080 40.616592 38.510941 39.780811 36.391850 34.117016 37.913452 35.689308 35.095493 31.128716 29.354290 31.596676 32.551937 16.877934 0.000000 14.644567 26.109682 29.254101 33.202942 24.335012 
38.619411 34.722504 46.182205 41.594093 50.926052 49.858803 39.140663 38.017220 39.097939 38.090321 36.188141 33.599686 35.478668 35.395683 34.880970 31.861317 29.330605 28.831905 29.597143 25.417393 14.644567 0.000000 17.575888 25.350258 25.523844 23.398127 
39.650581 37.761810 46.106277 43.555920 46.550060 48.824127 37.845490 41.187458 39.997322 41.225002 41.775841 34.488171 39.745605 40.308350 33.409618 33.191338 34.749893 31.145718 30.572788 27.929716 26.109682 17.575888 0.000000 13.709891 24.328384 24.652161 
43.520584 38.405331 44.777660 45.273922 56.087852 53.583576 44.747555 41.535629 42.776695 40.878662 43.151852 38.130035 41.598961 42.232540 36.369011 37.130497 38.144287 32.318813 29.729647 28.866592 29.254101 25.350258 13.709891 0.000000 13.080501 22.437204 
48.708321 41.292374 45.527866 42.588314 57.569061 53.398777 40.133556 41.982357 40.702984 33.860130 47.689560 40.651505 43.038876 42.866516 39.717293 37.319332 42.537010 33.130917 28.936802 26.376850 33.202942 25.523844 24.328384 13.080501 0.000000 19.625025 
29.390352 28.508705 43.742115 35.940292 39.594482 40.225601 32.292896 37.851673 37.161251 42.308960 30.875437 28.842358 31.960606 30.682890 29.893782 26.428207 24.891514 26.861105 32.654205 29.514927 24.335012 23.398127 24.652161 22.437204 19.625025 0.000000 
